60001	151	-1
60002	151	0
60003	151	1
60004	151	2
60005	151	3
60006	151	4
60007	151	5
60008	151	6
60009	151	7
60010	151	8
60011	151	9
60012	151	10
60013	151	11
60014	151	12
60015	151	13
60016	151	14
60017	151	15
60018	151	16
60019	151	17
60020	151	18
60021	151	19
60022	151	20
60023	151	21
60024	151	22
60025	151	23
60026	151	24
60027	151	25
60028	151	26
60029	151	27
60030	151	28
60031	151	29
60032	151	30
60033	151	31
60034	151	32
60035	151	33
60036	151	34
60037	151	35
60038	151	36
60039	151	37
60040	151	38
60041	151	39
60042	151	40
60043	151	41
60044	151	42
60045	151	43
60046	151	44
60047	151	45
60048	151	46
60049	151	47
60050	151	48
60051	151	49
60052	151	50
60053	151	51
60054	151	52
60055	151	53
60056	151	54
60057	151	55
60058	151	56
60059	151	57
60060	151	58
60061	151	59
60062	151	60
60063	151	61
60064	151	62
60065	151	63
60066	151	64
60067	151	65
60068	151	66
60069	151	67
60070	151	68
60071	151	69
60072	151	70
60073	151	71
60074	151	72
60075	151	73
60076	151	74
60077	151	75
60078	151	76
60079	151	77
60080	151	78
60081	151	79
60082	151	80
60083	151	81
60084	151	82
60085	151	83
60086	151	84
60087	151	85
60088	151	86
60089	151	87
60090	151	88
60091	151	89
60092	151	90
60093	152	-90
60094	152	-89
60095	152	-88
60096	152	-87
60097	152	-86
60098	152	-85
60099	152	-84
60100	152	-83
60101	152	-82
60102	152	-81
60103	152	-80
60104	152	-79
60105	152	-78
60106	152	-77
60107	152	-76
60108	152	-75
60109	152	-74
60110	152	-73
60111	152	-72
60112	152	-71
60113	152	-70
60114	152	-69
60115	152	-68
60116	152	-67
60117	152	-66
60118	152	-65
60119	152	-64
60120	152	-63
60121	152	-62
60122	152	-61
60123	152	-60
60124	152	-59
60125	152	-58
60126	152	-57
60127	152	-56
60128	152	-55
60129	152	-54
60130	152	-53
60131	152	-52
60132	152	-51
60133	152	-50
60134	152	-49
60135	152	-48
60136	152	-47
60137	152	-46
60138	152	-45
60139	152	-44
60140	152	-43
60141	152	-42
60142	152	-41
60143	152	-40
60144	152	-39
60145	152	-38
60146	152	-37
60147	152	-36
60148	152	-35
60149	152	-34
60150	152	-33
60151	152	-32
60152	152	-31
60153	152	-30
60154	152	-29
60155	152	-28
60156	152	-27
60157	152	-26
60158	152	-25
60159	152	-24
60160	152	-23
60161	152	-22
60162	152	-21
60163	152	-20
60164	152	-19
60165	152	-18
60166	152	-17
60167	152	-16
60168	152	-15
60169	152	-14
60170	152	-13
60171	152	-12
60172	152	-11
60173	152	-10
60174	152	-9
60175	152	-8
60176	152	-7
60177	152	-6
60178	152	-5
60179	152	-4
60180	152	-3
60181	152	-2
60182	152	-1
60183	152	0
60184	152	1
60185	152	2
60186	152	3
60187	152	4
60188	152	5
60189	152	6
60190	152	7
60191	152	8
60192	152	9
60193	152	10
60194	152	11
60195	152	12
60196	152	13
60197	152	14
60198	152	15
60199	152	16
60200	152	17
60201	152	18
60202	152	19
60203	152	20
60204	152	21
60205	152	22
60206	152	23
60207	152	24
60208	152	25
60209	152	26
60210	152	27
60211	152	28
60212	152	29
60213	152	30
60214	152	31
60215	152	32
60216	152	33
60217	152	34
60218	152	35
60219	152	36
60220	152	37
60221	152	38
60222	152	39
60223	152	40
60224	152	41
60225	152	42
60226	152	43
60227	152	44
60228	152	45
60229	152	46
60230	152	47
60231	152	48
60232	152	49
60233	152	50
60234	152	51
60235	152	52
60236	152	53
60237	152	54
60238	152	55
60239	152	56
60240	152	57
60241	152	58
60242	152	59
60243	152	60
60244	152	61
60245	152	62
60246	152	63
60247	152	64
60248	152	65
60249	152	66
60250	152	67
60251	152	68
60252	152	69
60253	152	70
60254	152	71
60255	152	72
60256	152	73
60257	152	74
60258	152	75
60259	152	76
60260	152	77
60261	152	78
60262	152	79
60263	152	80
60264	152	81
60265	152	82
60266	152	83
60267	152	84
60268	152	85
60269	152	86
60270	152	87
60271	152	88
60272	152	89
60273	152	90
60274	153	-90
60275	153	-89
60276	153	-88
60277	153	-87
60278	153	-86
60279	153	-85
60280	153	-84
60281	153	-83
60282	153	-82
60283	153	-81
60284	153	-80
60285	153	-79
60286	153	-78
60287	153	-77
60288	153	-76
60289	153	-75
60290	153	-74
60291	153	-73
60292	153	-72
60293	153	-71
60294	153	-70
60295	153	-69
60296	153	-68
60297	153	-67
60298	153	-66
60299	153	-65
60300	153	-64
60301	153	-63
60302	153	-62
60303	153	-61
60304	153	-60
60305	153	-59
60306	153	-58
60307	153	-57
60308	153	-56
60309	153	-55
60310	153	-54
60311	153	-53
60312	153	-52
60313	153	-51
60314	153	-50
60315	153	-49
60316	153	-48
60317	153	-47
60318	153	-46
60319	153	-45
60320	153	-44
60321	153	-43
60322	153	-42
60323	153	-41
60324	153	-40
60325	153	-39
60326	153	-38
60327	153	-37
60328	153	-36
60329	153	-35
60330	153	-34
60331	153	-33
60332	153	-32
60333	153	-31
60334	153	-30
60335	153	-29
60336	153	-28
60337	153	-27
60338	153	-26
60339	153	-25
60340	153	-24
60341	153	-23
60342	153	-22
60343	153	-21
60344	153	-20
60345	153	-19
60346	153	-18
60347	153	-17
60348	153	-16
60349	153	-15
60350	153	-14
60351	153	-13
60352	153	-12
60353	153	-11
60354	153	-10
60355	153	-9
60356	153	-8
60357	153	-7
60358	153	-6
60359	153	-5
60360	153	-4
60361	153	-3
60362	153	-2
60363	153	-1
60364	153	0
60365	153	1
60366	153	2
60367	153	3
60368	153	4
60369	153	5
60370	153	6
60371	153	7
60372	153	8
60373	153	9
60374	153	10
60375	153	11
60376	153	12
60377	153	13
60378	153	14
60379	153	15
60380	153	16
60381	153	17
60382	153	18
60383	153	19
60384	153	20
60385	153	21
60386	153	22
60387	153	23
60388	153	24
60389	153	25
60390	153	26
60391	153	27
60392	153	28
60393	153	29
60394	153	30
60395	153	31
60396	153	32
60397	153	33
60398	153	34
60399	153	35
60400	153	36
60401	153	37
60402	153	38
60403	153	39
60404	153	40
60405	153	41
60406	153	42
60407	153	43
60408	153	44
60409	153	45
60410	153	46
60411	153	47
60412	153	48
60413	153	49
60414	153	50
60415	153	51
60416	153	52
60417	153	53
60418	153	54
60419	153	55
60420	153	56
60421	153	57
60422	153	58
60423	153	59
60424	153	60
60425	153	61
60426	153	62
60427	153	63
60428	153	64
60429	153	65
60430	153	66
60431	153	67
60432	153	68
60433	153	69
60434	153	70
60435	153	71
60436	153	72
60437	153	73
60438	153	74
60439	153	75
60440	153	76
60441	153	77
60442	153	78
60443	153	79
60444	153	80
60445	153	81
60446	153	82
60447	153	83
60448	153	84
60449	153	85
60450	153	86
60451	153	87
60452	153	88
60453	153	89
60454	153	90
60455	154	-90
60456	154	-89
60457	154	-88
60458	154	-87
60459	154	-86
60460	154	-85
60461	154	-84
60462	154	-83
60463	154	-82
60464	154	-81
60465	154	-80
60466	154	-79
60467	154	-78
60468	154	-77
60469	154	-76
60470	154	-75
60471	154	-74
60472	154	-73
60473	154	-72
60474	154	-71
60475	154	-70
60476	154	-69
60477	154	-68
60478	154	-67
60479	154	-66
60480	154	-65
60481	154	-64
60482	154	-63
60483	154	-62
60484	154	-61
60485	154	-60
60486	154	-59
60487	154	-58
60488	154	-57
60489	154	-56
60490	154	-55
60491	154	-54
60492	154	-53
60493	154	-52
60494	154	-51
60495	154	-50
60496	154	-49
60497	154	-48
60498	154	-47
60499	154	-46
60500	154	-45
60501	154	-44
60502	154	-43
60503	154	-42
60504	154	-41
60505	154	-40
60506	154	-39
60507	154	-38
60508	154	-37
60509	154	-36
60510	154	-35
60511	154	-34
60512	154	-33
60513	154	-32
60514	154	-31
60515	154	-30
60516	154	-29
60517	154	-28
60518	154	-27
60519	154	-26
60520	154	-25
60521	154	-24
60522	154	-23
60523	154	-22
60524	154	-21
60525	154	-20
60526	154	-19
60527	154	-18
60528	154	-17
60529	154	-16
60530	154	-15
60531	154	-14
60532	154	-13
60533	154	-12
60534	154	-11
60535	154	-10
60536	154	-9
60537	154	-8
60538	154	-7
60539	154	-6
60540	154	-5
60541	154	-4
60542	154	-3
60543	154	-2
60544	154	-1
60545	154	0
60546	154	1
60547	154	2
60548	154	3
60549	154	4
60550	154	5
60551	154	6
60552	154	7
60553	154	8
60554	154	9
60555	154	10
60556	154	11
60557	154	12
60558	154	13
60559	154	14
60560	154	15
60561	154	16
60562	154	17
60563	154	18
60564	154	19
60565	154	20
60566	154	21
60567	154	22
60568	154	23
60569	154	24
60570	154	25
60571	154	26
60572	154	27
60573	154	28
60574	154	29
60575	154	30
60576	154	31
60577	154	32
60578	154	33
60579	154	34
60580	154	35
60581	154	36
60582	154	37
60583	154	38
60584	154	39
60585	154	40
60586	154	41
60587	154	42
60588	154	43
60589	154	44
60590	154	45
60591	154	46
60592	154	47
60593	154	48
60594	154	49
60595	154	50
60596	154	51
60597	154	52
60598	154	53
60599	154	54
60600	154	55
60601	154	56
60602	154	57
60603	154	58
60604	154	59
60605	154	60
60606	154	61
60607	154	62
60608	154	63
60609	154	64
60610	154	65
60611	154	66
60612	154	67
60613	154	68
60614	154	69
60615	154	70
60616	154	71
60617	154	72
60618	154	73
60619	154	74
60620	154	75
60621	154	76
60622	154	77
60623	154	78
60624	154	79
60625	154	80
60626	154	81
60627	154	82
60628	154	83
60629	154	84
60630	154	85
60631	154	86
60632	154	87
60633	154	88
60634	154	89
60635	154	90
60636	155	-90
60637	155	-89
60638	155	-88
60639	155	-87
60640	155	-86
60641	155	-85
60642	155	-84
60643	155	-83
60644	155	-82
60645	155	-81
60646	155	-80
60647	155	-79
60648	155	-78
60649	155	-77
60650	155	-76
60651	155	-75
60652	155	-74
60653	155	-73
60654	155	-72
60655	155	-71
60656	155	-70
60657	155	-69
60658	155	-68
60659	155	-67
60660	155	-66
60661	155	-65
60662	155	-64
60663	155	-63
60664	155	-62
60665	155	-61
60666	155	-60
60667	155	-59
60668	155	-58
60669	155	-57
60670	155	-56
60671	155	-55
60672	155	-54
60673	155	-53
60674	155	-52
60675	155	-51
60676	155	-50
60677	155	-49
60678	155	-48
60679	155	-47
60680	155	-46
60681	155	-45
60682	155	-44
60683	155	-43
60684	155	-42
60685	155	-41
60686	155	-40
60687	155	-39
60688	155	-38
60689	155	-37
60690	155	-36
60691	155	-35
60692	155	-34
60693	155	-33
60694	155	-32
60695	155	-31
60696	155	-30
60697	155	-29
60698	155	-28
60699	155	-27
60700	155	-26
60701	155	-25
60702	155	-24
60703	155	-23
60704	155	-22
60705	155	-21
60706	155	-20
60707	155	-19
60708	155	-18
60709	155	-17
60710	155	-16
60711	155	-15
60712	155	-14
60713	155	-13
60714	155	-12
60715	155	-11
60716	155	-10
60717	155	-9
60718	155	-8
60719	155	-7
60720	155	-6
60721	155	-5
60722	155	-4
60723	155	-3
60724	155	-2
60725	155	-1
60726	155	0
60727	155	1
60728	155	2
60729	155	3
60730	155	4
60731	155	5
60732	155	6
60733	155	7
60734	155	8
60735	155	9
60736	155	10
60737	155	11
60738	155	12
60739	155	13
60740	155	14
60741	155	15
60742	155	16
60743	155	17
60744	155	18
60745	155	19
60746	155	20
60747	155	21
60748	155	22
60749	155	23
60750	155	24
60751	155	25
60752	155	26
60753	155	27
60754	155	28
60755	155	29
60756	155	30
60757	155	31
60758	155	32
60759	155	33
60760	155	34
60761	155	35
60762	155	36
60763	155	37
60764	155	38
60765	155	39
60766	155	40
60767	155	41
60768	155	42
60769	155	43
60770	155	44
60771	155	45
60772	155	46
60773	155	47
60774	155	48
60775	155	49
60776	155	50
60777	155	51
60778	155	52
60779	155	53
60780	155	54
60781	155	55
60782	155	56
60783	155	57
60784	155	58
60785	155	59
60786	155	60
60787	155	61
60788	155	62
60789	155	63
60790	155	64
60791	155	65
60792	155	66
60793	155	67
60794	155	68
60795	155	69
60796	155	70
60797	155	71
60798	155	72
60799	155	73
60800	155	74
60801	155	75
60802	155	76
60803	155	77
60804	155	78
60805	155	79
60806	155	80
60807	155	81
60808	155	82
60809	155	83
60810	155	84
60811	155	85
60812	155	86
60813	155	87
60814	155	88
60815	155	89
60816	155	90
60817	156	-90
60818	156	-89
60819	156	-88
60820	156	-87
60821	156	-86
60822	156	-85
60823	156	-84
60824	156	-83
60825	156	-82
60826	156	-81
60827	156	-80
60828	156	-79
60829	156	-78
60830	156	-77
60831	156	-76
60832	156	-75
60833	156	-74
60834	156	-73
60835	156	-72
60836	156	-71
60837	156	-70
60838	156	-69
60839	156	-68
60840	156	-67
60841	156	-66
60842	156	-65
60843	156	-64
60844	156	-63
60845	156	-62
60846	156	-61
60847	156	-60
60848	156	-59
60849	156	-58
60850	156	-57
60851	156	-56
60852	156	-55
60853	156	-54
60854	156	-53
60855	156	-52
60856	156	-51
60857	156	-50
60858	156	-49
60859	156	-48
60860	156	-47
60861	156	-46
60862	156	-45
60863	156	-44
60864	156	-43
60865	156	-42
60866	156	-41
60867	156	-40
60868	156	-39
60869	156	-38
60870	156	-37
60871	156	-36
60872	156	-35
60873	156	-34
60874	156	-33
60875	156	-32
60876	156	-31
60877	156	-30
60878	156	-29
60879	156	-28
60880	156	-27
60881	156	-26
60882	156	-25
60883	156	-24
60884	156	-23
60885	156	-22
60886	156	-21
60887	156	-20
60888	156	-19
60889	156	-18
60890	156	-17
60891	156	-16
60892	156	-15
60893	156	-14
60894	156	-13
60895	156	-12
60896	156	-11
60897	156	-10
60898	156	-9
60899	156	-8
60900	156	-7
60901	156	-6
60902	156	-5
60903	156	-4
60904	156	-3
60905	156	-2
60906	156	-1
60907	156	0
60908	156	1
60909	156	2
60910	156	3
60911	156	4
60912	156	5
60913	156	6
60914	156	7
60915	156	8
60916	156	9
60917	156	10
60918	156	11
60919	156	12
60920	156	13
60921	156	14
60922	156	15
60923	156	16
60924	156	17
60925	156	18
60926	156	19
60927	156	20
60928	156	21
60929	156	22
60930	156	23
60931	156	24
60932	156	25
60933	156	26
60934	156	27
60935	156	28
60936	156	29
60937	156	30
60938	156	31
60939	156	32
60940	156	33
60941	156	34
60942	156	35
60943	156	36
60944	156	37
60945	156	38
60946	156	39
60947	156	40
60948	156	41
60949	156	42
60950	156	43
60951	156	44
60952	156	45
60953	156	46
60954	156	47
60955	156	48
60956	156	49
60957	156	50
60958	156	51
60959	156	52
60960	156	53
60961	156	54
60962	156	55
60963	156	56
60964	156	57
60965	156	58
60966	156	59
60967	156	60
60968	156	61
60969	156	62
60970	156	63
60971	156	64
60972	156	65
60973	156	66
60974	156	67
60975	156	68
60976	156	69
60977	156	70
60978	156	71
60979	156	72
60980	156	73
60981	156	74
60982	156	75
60983	156	76
60984	156	77
60985	156	78
60986	156	79
60987	156	80
60988	156	81
60989	156	82
60990	156	83
60991	156	84
60992	156	85
60993	156	86
60994	156	87
60995	156	88
60996	156	89
60997	156	90
60998	157	-90
60999	157	-89
61000	157	-88
61001	157	-87
61002	157	-86
61003	157	-85
61004	157	-84
61005	157	-83
61006	157	-82
61007	157	-81
61008	157	-80
61009	157	-79
61010	157	-78
61011	157	-77
61012	157	-76
61013	157	-75
61014	157	-74
61015	157	-73
61016	157	-72
61017	157	-71
61018	157	-70
61019	157	-69
61020	157	-68
61021	157	-67
61022	157	-66
61023	157	-65
61024	157	-64
61025	157	-63
61026	157	-62
61027	157	-61
61028	157	-60
61029	157	-59
61030	157	-58
61031	157	-57
61032	157	-56
61033	157	-55
61034	157	-54
61035	157	-53
61036	157	-52
61037	157	-51
61038	157	-50
61039	157	-49
61040	157	-48
61041	157	-47
61042	157	-46
61043	157	-45
61044	157	-44
61045	157	-43
61046	157	-42
61047	157	-41
61048	157	-40
61049	157	-39
61050	157	-38
61051	157	-37
61052	157	-36
61053	157	-35
61054	157	-34
61055	157	-33
61056	157	-32
61057	157	-31
61058	157	-30
61059	157	-29
61060	157	-28
61061	157	-27
61062	157	-26
61063	157	-25
61064	157	-24
61065	157	-23
61066	157	-22
61067	157	-21
61068	157	-20
61069	157	-19
61070	157	-18
61071	157	-17
61072	157	-16
61073	157	-15
61074	157	-14
61075	157	-13
61076	157	-12
61077	157	-11
61078	157	-10
61079	157	-9
61080	157	-8
61081	157	-7
61082	157	-6
61083	157	-5
61084	157	-4
61085	157	-3
61086	157	-2
61087	157	-1
61088	157	0
61089	157	1
61090	157	2
61091	157	3
61092	157	4
61093	157	5
61094	157	6
61095	157	7
61096	157	8
61097	157	9
61098	157	10
61099	157	11
61100	157	12
61101	157	13
61102	157	14
61103	157	15
61104	157	16
61105	157	17
61106	157	18
61107	157	19
61108	157	20
61109	157	21
61110	157	22
61111	157	23
61112	157	24
61113	157	25
61114	157	26
61115	157	27
61116	157	28
61117	157	29
61118	157	30
61119	157	31
61120	157	32
61121	157	33
61122	157	34
61123	157	35
61124	157	36
61125	157	37
61126	157	38
61127	157	39
61128	157	40
61129	157	41
61130	157	42
61131	157	43
61132	157	44
61133	157	45
61134	157	46
61135	157	47
61136	157	48
61137	157	49
61138	157	50
61139	157	51
61140	157	52
61141	157	53
61142	157	54
61143	157	55
61144	157	56
61145	157	57
61146	157	58
61147	157	59
61148	157	60
61149	157	61
61150	157	62
61151	157	63
61152	157	64
61153	157	65
61154	157	66
61155	157	67
61156	157	68
61157	157	69
61158	157	70
61159	157	71
61160	157	72
61161	157	73
61162	157	74
61163	157	75
61164	157	76
61165	157	77
61166	157	78
61167	157	79
61168	157	80
61169	157	81
61170	157	82
61171	157	83
61172	157	84
61173	157	85
61174	157	86
61175	157	87
61176	157	88
61177	157	89
61178	157	90
61179	158	-90
61180	158	-89
61181	158	-88
61182	158	-87
61183	158	-86
61184	158	-85
61185	158	-84
61186	158	-83
61187	158	-82
61188	158	-81
61189	158	-80
61190	158	-79
61191	158	-78
61192	158	-77
61193	158	-76
61194	158	-75
61195	158	-74
61196	158	-73
61197	158	-72
61198	158	-71
61199	158	-70
61200	158	-69
61201	158	-68
61202	158	-67
61203	158	-66
61204	158	-65
61205	158	-64
61206	158	-63
61207	158	-62
61208	158	-61
61209	158	-60
61210	158	-59
61211	158	-58
61212	158	-57
61213	158	-56
61214	158	-55
61215	158	-54
61216	158	-53
61217	158	-52
61218	158	-51
61219	158	-50
61220	158	-49
61221	158	-48
61222	158	-47
61223	158	-46
61224	158	-45
61225	158	-44
61226	158	-43
61227	158	-42
61228	158	-41
61229	158	-40
61230	158	-39
61231	158	-38
61232	158	-37
61233	158	-36
61234	158	-35
61235	158	-34
61236	158	-33
61237	158	-32
61238	158	-31
61239	158	-30
61240	158	-29
61241	158	-28
61242	158	-27
61243	158	-26
61244	158	-25
61245	158	-24
61246	158	-23
61247	158	-22
61248	158	-21
61249	158	-20
61250	158	-19
61251	158	-18
61252	158	-17
61253	158	-16
61254	158	-15
61255	158	-14
61256	158	-13
61257	158	-12
61258	158	-11
61259	158	-10
61260	158	-9
61261	158	-8
61262	158	-7
61263	158	-6
61264	158	-5
61265	158	-4
61266	158	-3
61267	158	-2
61268	158	-1
61269	158	0
61270	158	1
61271	158	2
61272	158	3
61273	158	4
61274	158	5
61275	158	6
61276	158	7
61277	158	8
61278	158	9
61279	158	10
61280	158	11
61281	158	12
61282	158	13
61283	158	14
61284	158	15
61285	158	16
61286	158	17
61287	158	18
61288	158	19
61289	158	20
61290	158	21
61291	158	22
61292	158	23
61293	158	24
61294	158	25
61295	158	26
61296	158	27
61297	158	28
61298	158	29
61299	158	30
61300	158	31
61301	158	32
61302	158	33
61303	158	34
61304	158	35
61305	158	36
61306	158	37
61307	158	38
61308	158	39
61309	158	40
61310	158	41
61311	158	42
61312	158	43
61313	158	44
61314	158	45
61315	158	46
61316	158	47
61317	158	48
61318	158	49
61319	158	50
61320	158	51
61321	158	52
61322	158	53
61323	158	54
61324	158	55
61325	158	56
61326	158	57
61327	158	58
61328	158	59
61329	158	60
61330	158	61
61331	158	62
61332	158	63
61333	158	64
61334	158	65
61335	158	66
61336	158	67
61337	158	68
61338	158	69
61339	158	70
61340	158	71
61341	158	72
61342	158	73
61343	158	74
61344	158	75
61345	158	76
61346	158	77
61347	158	78
61348	158	79
61349	158	80
61350	158	81
61351	158	82
61352	158	83
61353	158	84
61354	158	85
61355	158	86
61356	158	87
61357	158	88
61358	158	89
61359	158	90
61360	159	-90
61361	159	-89
61362	159	-88
61363	159	-87
61364	159	-86
61365	159	-85
61366	159	-84
61367	159	-83
61368	159	-82
61369	159	-81
61370	159	-80
61371	159	-79
61372	159	-78
61373	159	-77
61374	159	-76
61375	159	-75
61376	159	-74
61377	159	-73
61378	159	-72
61379	159	-71
61380	159	-70
61381	159	-69
61382	159	-68
61383	159	-67
61384	159	-66
61385	159	-65
61386	159	-64
61387	159	-63
61388	159	-62
61389	159	-61
61390	159	-60
61391	159	-59
61392	159	-58
61393	159	-57
61394	159	-56
61395	159	-55
61396	159	-54
61397	159	-53
61398	159	-52
61399	159	-51
61400	159	-50
61401	159	-49
61402	159	-48
61403	159	-47
61404	159	-46
61405	159	-45
61406	159	-44
61407	159	-43
61408	159	-42
61409	159	-41
61410	159	-40
61411	159	-39
61412	159	-38
61413	159	-37
61414	159	-36
61415	159	-35
61416	159	-34
61417	159	-33
61418	159	-32
61419	159	-31
61420	159	-30
61421	159	-29
61422	159	-28
61423	159	-27
61424	159	-26
61425	159	-25
61426	159	-24
61427	159	-23
61428	159	-22
61429	159	-21
61430	159	-20
61431	159	-19
61432	159	-18
61433	159	-17
61434	159	-16
61435	159	-15
61436	159	-14
61437	159	-13
61438	159	-12
61439	159	-11
61440	159	-10
61441	159	-9
61442	159	-8
61443	159	-7
61444	159	-6
61445	159	-5
61446	159	-4
61447	159	-3
61448	159	-2
61449	159	-1
61450	159	0
61451	159	1
61452	159	2
61453	159	3
61454	159	4
61455	159	5
61456	159	6
61457	159	7
61458	159	8
61459	159	9
61460	159	10
61461	159	11
61462	159	12
61463	159	13
61464	159	14
61465	159	15
61466	159	16
61467	159	17
61468	159	18
61469	159	19
61470	159	20
61471	159	21
61472	159	22
61473	159	23
61474	159	24
61475	159	25
61476	159	26
61477	159	27
61478	159	28
61479	159	29
61480	159	30
61481	159	31
61482	159	32
61483	159	33
61484	159	34
61485	159	35
61486	159	36
61487	159	37
61488	159	38
61489	159	39
61490	159	40
61491	159	41
61492	159	42
61493	159	43
61494	159	44
61495	159	45
61496	159	46
61497	159	47
61498	159	48
61499	159	49
61500	159	50
61501	159	51
61502	159	52
61503	159	53
61504	159	54
61505	159	55
61506	159	56
61507	159	57
61508	159	58
61509	159	59
61510	159	60
61511	159	61
61512	159	62
61513	159	63
61514	159	64
61515	159	65
61516	159	66
61517	159	67
61518	159	68
61519	159	69
61520	159	70
61521	159	71
61522	159	72
61523	159	73
61524	159	74
61525	159	75
61526	159	76
61527	159	77
61528	159	78
61529	159	79
61530	159	80
61531	159	81
61532	159	82
61533	159	83
61534	159	84
61535	159	85
61536	159	86
61537	159	87
61538	159	88
61539	159	89
61540	159	90
61541	160	-90
61542	160	-89
61543	160	-88
61544	160	-87
61545	160	-86
61546	160	-85
61547	160	-84
61548	160	-83
61549	160	-82
61550	160	-81
61551	160	-80
61552	160	-79
61553	160	-78
61554	160	-77
61555	160	-76
61556	160	-75
61557	160	-74
61558	160	-73
61559	160	-72
61560	160	-71
61561	160	-70
61562	160	-69
61563	160	-68
61564	160	-67
61565	160	-66
61566	160	-65
61567	160	-64
61568	160	-63
61569	160	-62
61570	160	-61
61571	160	-60
61572	160	-59
61573	160	-58
61574	160	-57
61575	160	-56
61576	160	-55
61577	160	-54
61578	160	-53
61579	160	-52
61580	160	-51
61581	160	-50
61582	160	-49
61583	160	-48
61584	160	-47
61585	160	-46
61586	160	-45
61587	160	-44
61588	160	-43
61589	160	-42
61590	160	-41
61591	160	-40
61592	160	-39
61593	160	-38
61594	160	-37
61595	160	-36
61596	160	-35
61597	160	-34
61598	160	-33
61599	160	-32
61600	160	-31
61601	160	-30
61602	160	-29
61603	160	-28
61604	160	-27
61605	160	-26
61606	160	-25
61607	160	-24
61608	160	-23
61609	160	-22
61610	160	-21
61611	160	-20
61612	160	-19
61613	160	-18
61614	160	-17
61615	160	-16
61616	160	-15
61617	160	-14
61618	160	-13
61619	160	-12
61620	160	-11
61621	160	-10
61622	160	-9
61623	160	-8
61624	160	-7
61625	160	-6
61626	160	-5
61627	160	-4
61628	160	-3
61629	160	-2
61630	160	-1
61631	160	0
61632	160	1
61633	160	2
61634	160	3
61635	160	4
61636	160	5
61637	160	6
61638	160	7
61639	160	8
61640	160	9
61641	160	10
61642	160	11
61643	160	12
61644	160	13
61645	160	14
61646	160	15
61647	160	16
61648	160	17
61649	160	18
61650	160	19
61651	160	20
61652	160	21
61653	160	22
61654	160	23
61655	160	24
61656	160	25
61657	160	26
61658	160	27
61659	160	28
61660	160	29
61661	160	30
61662	160	31
61663	160	32
61664	160	33
61665	160	34
61666	160	35
61667	160	36
61668	160	37
61669	160	38
61670	160	39
61671	160	40
61672	160	41
61673	160	42
61674	160	43
61675	160	44
61676	160	45
61677	160	46
61678	160	47
61679	160	48
61680	160	49
61681	160	50
61682	160	51
61683	160	52
61684	160	53
61685	160	54
61686	160	55
61687	160	56
61688	160	57
61689	160	58
61690	160	59
61691	160	60
61692	160	61
61693	160	62
61694	160	63
61695	160	64
61696	160	65
61697	160	66
61698	160	67
61699	160	68
61700	160	69
61701	160	70
61702	160	71
61703	160	72
61704	160	73
61705	160	74
61706	160	75
61707	160	76
61708	160	77
61709	160	78
61710	160	79
61711	160	80
61712	160	81
61713	160	82
61714	160	83
61715	160	84
61716	160	85
61717	160	86
61718	160	87
61719	160	88
61720	160	89
61721	160	90
61722	161	-90
61723	161	-89
61724	161	-88
61725	161	-87
61726	161	-86
61727	161	-85
61728	161	-84
61729	161	-83
61730	161	-82
61731	161	-81
61732	161	-80
61733	161	-79
61734	161	-78
61735	161	-77
61736	161	-76
61737	161	-75
61738	161	-74
61739	161	-73
61740	161	-72
61741	161	-71
61742	161	-70
61743	161	-69
61744	161	-68
61745	161	-67
61746	161	-66
61747	161	-65
61748	161	-64
61749	161	-63
61750	161	-62
61751	161	-61
61752	161	-60
61753	161	-59
61754	161	-58
61755	161	-57
61756	161	-56
61757	161	-55
61758	161	-54
61759	161	-53
61760	161	-52
61761	161	-51
61762	161	-50
61763	161	-49
61764	161	-48
61765	161	-47
61766	161	-46
61767	161	-45
61768	161	-44
61769	161	-43
61770	161	-42
61771	161	-41
61772	161	-40
61773	161	-39
61774	161	-38
61775	161	-37
61776	161	-36
61777	161	-35
61778	161	-34
61779	161	-33
61780	161	-32
61781	161	-31
61782	161	-30
61783	161	-29
61784	161	-28
61785	161	-27
61786	161	-26
61787	161	-25
61788	161	-24
61789	161	-23
61790	161	-22
61791	161	-21
61792	161	-20
61793	161	-19
61794	161	-18
61795	161	-17
61796	161	-16
61797	161	-15
61798	161	-14
61799	161	-13
61800	161	-12
61801	161	-11
61802	161	-10
61803	161	-9
61804	161	-8
61805	161	-7
61806	161	-6
61807	161	-5
61808	161	-4
61809	161	-3
61810	161	-2
61811	161	-1
61812	161	0
61813	161	1
61814	161	2
61815	161	3
61816	161	4
61817	161	5
61818	161	6
61819	161	7
61820	161	8
61821	161	9
61822	161	10
61823	161	11
61824	161	12
61825	161	13
61826	161	14
61827	161	15
61828	161	16
61829	161	17
61830	161	18
61831	161	19
61832	161	20
61833	161	21
61834	161	22
61835	161	23
61836	161	24
61837	161	25
61838	161	26
61839	161	27
61840	161	28
61841	161	29
61842	161	30
61843	161	31
61844	161	32
61845	161	33
61846	161	34
61847	161	35
61848	161	36
61849	161	37
61850	161	38
61851	161	39
61852	161	40
61853	161	41
61854	161	42
61855	161	43
61856	161	44
61857	161	45
61858	161	46
61859	161	47
61860	161	48
61861	161	49
61862	161	50
61863	161	51
61864	161	52
61865	161	53
61866	161	54
61867	161	55
61868	161	56
61869	161	57
61870	161	58
61871	161	59
61872	161	60
61873	161	61
61874	161	62
61875	161	63
61876	161	64
61877	161	65
61878	161	66
61879	161	67
61880	161	68
61881	161	69
61882	161	70
61883	161	71
61884	161	72
61885	161	73
61886	161	74
61887	161	75
61888	161	76
61889	161	77
61890	161	78
61891	161	79
61892	161	80
61893	161	81
61894	161	82
61895	161	83
61896	161	84
61897	161	85
61898	161	86
61899	161	87
61900	161	88
61901	161	89
61902	161	90
61903	162	-90
61904	162	-89
61905	162	-88
61906	162	-87
61907	162	-86
61908	162	-85
61909	162	-84
61910	162	-83
61911	162	-82
61912	162	-81
61913	162	-80
61914	162	-79
61915	162	-78
61916	162	-77
61917	162	-76
61918	162	-75
61919	162	-74
61920	162	-73
61921	162	-72
61922	162	-71
61923	162	-70
61924	162	-69
61925	162	-68
61926	162	-67
61927	162	-66
61928	162	-65
61929	162	-64
61930	162	-63
61931	162	-62
61932	162	-61
61933	162	-60
61934	162	-59
61935	162	-58
61936	162	-57
61937	162	-56
61938	162	-55
61939	162	-54
61940	162	-53
61941	162	-52
61942	162	-51
61943	162	-50
61944	162	-49
61945	162	-48
61946	162	-47
61947	162	-46
61948	162	-45
61949	162	-44
61950	162	-43
61951	162	-42
61952	162	-41
61953	162	-40
61954	162	-39
61955	162	-38
61956	162	-37
61957	162	-36
61958	162	-35
61959	162	-34
61960	162	-33
61961	162	-32
61962	162	-31
61963	162	-30
61964	162	-29
61965	162	-28
61966	162	-27
61967	162	-26
61968	162	-25
61969	162	-24
61970	162	-23
61971	162	-22
61972	162	-21
61973	162	-20
61974	162	-19
61975	162	-18
61976	162	-17
61977	162	-16
61978	162	-15
61979	162	-14
61980	162	-13
61981	162	-12
61982	162	-11
61983	162	-10
61984	162	-9
61985	162	-8
61986	162	-7
61987	162	-6
61988	162	-5
61989	162	-4
61990	162	-3
61991	162	-2
61992	162	-1
61993	162	0
61994	162	1
61995	162	2
61996	162	3
61997	162	4
61998	162	5
61999	162	6
62000	162	7
62001	162	8
62002	162	9
62003	162	10
62004	162	11
62005	162	12
62006	162	13
62007	162	14
62008	162	15
62009	162	16
62010	162	17
62011	162	18
62012	162	19
62013	162	20
62014	162	21
62015	162	22
62016	162	23
62017	162	24
62018	162	25
62019	162	26
62020	162	27
62021	162	28
62022	162	29
62023	162	30
62024	162	31
62025	162	32
62026	162	33
62027	162	34
62028	162	35
62029	162	36
62030	162	37
62031	162	38
62032	162	39
62033	162	40
62034	162	41
62035	162	42
62036	162	43
62037	162	44
62038	162	45
62039	162	46
62040	162	47
62041	162	48
62042	162	49
62043	162	50
62044	162	51
62045	162	52
62046	162	53
62047	162	54
62048	162	55
62049	162	56
62050	162	57
62051	162	58
62052	162	59
62053	162	60
62054	162	61
62055	162	62
62056	162	63
62057	162	64
62058	162	65
62059	162	66
62060	162	67
62061	162	68
62062	162	69
62063	162	70
62064	162	71
62065	162	72
62066	162	73
62067	162	74
62068	162	75
62069	162	76
62070	162	77
62071	162	78
62072	162	79
62073	162	80
62074	162	81
62075	162	82
62076	162	83
62077	162	84
62078	162	85
62079	162	86
62080	162	87
62081	162	88
62082	162	89
62083	162	90
62084	163	-90
62085	163	-89
62086	163	-88
62087	163	-87
62088	163	-86
62089	163	-85
62090	163	-84
62091	163	-83
62092	163	-82
62093	163	-81
62094	163	-80
62095	163	-79
62096	163	-78
62097	163	-77
62098	163	-76
62099	163	-75
62100	163	-74
62101	163	-73
62102	163	-72
62103	163	-71
62104	163	-70
62105	163	-69
62106	163	-68
62107	163	-67
62108	163	-66
62109	163	-65
62110	163	-64
62111	163	-63
62112	163	-62
62113	163	-61
62114	163	-60
62115	163	-59
62116	163	-58
62117	163	-57
62118	163	-56
62119	163	-55
62120	163	-54
62121	163	-53
62122	163	-52
62123	163	-51
62124	163	-50
62125	163	-49
62126	163	-48
62127	163	-47
62128	163	-46
62129	163	-45
62130	163	-44
62131	163	-43
62132	163	-42
62133	163	-41
62134	163	-40
62135	163	-39
62136	163	-38
62137	163	-37
62138	163	-36
62139	163	-35
62140	163	-34
62141	163	-33
62142	163	-32
62143	163	-31
62144	163	-30
62145	163	-29
62146	163	-28
62147	163	-27
62148	163	-26
62149	163	-25
62150	163	-24
62151	163	-23
62152	163	-22
62153	163	-21
62154	163	-20
62155	163	-19
62156	163	-18
62157	163	-17
62158	163	-16
62159	163	-15
62160	163	-14
62161	163	-13
62162	163	-12
62163	163	-11
62164	163	-10
62165	163	-9
62166	163	-8
62167	163	-7
62168	163	-6
62169	163	-5
62170	163	-4
62171	163	-3
62172	163	-2
62173	163	-1
62174	163	0
62175	163	1
62176	163	2
62177	163	3
62178	163	4
62179	163	5
62180	163	6
62181	163	7
62182	163	8
62183	163	9
62184	163	10
62185	163	11
62186	163	12
62187	163	13
62188	163	14
62189	163	15
62190	163	16
62191	163	17
62192	163	18
62193	163	19
62194	163	20
62195	163	21
62196	163	22
62197	163	23
62198	163	24
62199	163	25
62200	163	26
62201	163	27
62202	163	28
62203	163	29
62204	163	30
62205	163	31
62206	163	32
62207	163	33
62208	163	34
62209	163	35
62210	163	36
62211	163	37
62212	163	38
62213	163	39
62214	163	40
62215	163	41
62216	163	42
62217	163	43
62218	163	44
62219	163	45
62220	163	46
62221	163	47
62222	163	48
62223	163	49
62224	163	50
62225	163	51
62226	163	52
62227	163	53
62228	163	54
62229	163	55
62230	163	56
62231	163	57
62232	163	58
62233	163	59
62234	163	60
62235	163	61
62236	163	62
62237	163	63
62238	163	64
62239	163	65
62240	163	66
62241	163	67
62242	163	68
62243	163	69
62244	163	70
62245	163	71
62246	163	72
62247	163	73
62248	163	74
62249	163	75
62250	163	76
62251	163	77
62252	163	78
62253	163	79
62254	163	80
62255	163	81
62256	163	82
62257	163	83
62258	163	84
62259	163	85
62260	163	86
62261	163	87
62262	163	88
62263	163	89
62264	163	90
62265	164	-90
62266	164	-89
62267	164	-88
62268	164	-87
62269	164	-86
62270	164	-85
62271	164	-84
62272	164	-83
62273	164	-82
62274	164	-81
62275	164	-80
62276	164	-79
62277	164	-78
62278	164	-77
62279	164	-76
62280	164	-75
62281	164	-74
62282	164	-73
62283	164	-72
62284	164	-71
62285	164	-70
62286	164	-69
62287	164	-68
62288	164	-67
62289	164	-66
62290	164	-65
62291	164	-64
62292	164	-63
62293	164	-62
62294	164	-61
62295	164	-60
62296	164	-59
62297	164	-58
62298	164	-57
62299	164	-56
62300	164	-55
62301	164	-54
62302	164	-53
62303	164	-52
62304	164	-51
62305	164	-50
62306	164	-49
62307	164	-48
62308	164	-47
62309	164	-46
62310	164	-45
62311	164	-44
62312	164	-43
62313	164	-42
62314	164	-41
62315	164	-40
62316	164	-39
62317	164	-38
62318	164	-37
62319	164	-36
62320	164	-35
62321	164	-34
62322	164	-33
62323	164	-32
62324	164	-31
62325	164	-30
62326	164	-29
62327	164	-28
62328	164	-27
62329	164	-26
62330	164	-25
62331	164	-24
62332	164	-23
62333	164	-22
62334	164	-21
62335	164	-20
62336	164	-19
62337	164	-18
62338	164	-17
62339	164	-16
62340	164	-15
62341	164	-14
62342	164	-13
62343	164	-12
62344	164	-11
62345	164	-10
62346	164	-9
62347	164	-8
62348	164	-7
62349	164	-6
62350	164	-5
62351	164	-4
62352	164	-3
62353	164	-2
62354	164	-1
62355	164	0
62356	164	1
62357	164	2
62358	164	3
62359	164	4
62360	164	5
62361	164	6
62362	164	7
62363	164	8
62364	164	9
62365	164	10
62366	164	11
62367	164	12
62368	164	13
62369	164	14
62370	164	15
62371	164	16
62372	164	17
62373	164	18
62374	164	19
62375	164	20
62376	164	21
62377	164	22
62378	164	23
62379	164	24
62380	164	25
62381	164	26
62382	164	27
62383	164	28
62384	164	29
62385	164	30
62386	164	31
62387	164	32
62388	164	33
62389	164	34
62390	164	35
62391	164	36
62392	164	37
62393	164	38
62394	164	39
62395	164	40
62396	164	41
62397	164	42
62398	164	43
62399	164	44
62400	164	45
62401	164	46
62402	164	47
62403	164	48
62404	164	49
62405	164	50
62406	164	51
62407	164	52
62408	164	53
62409	164	54
62410	164	55
62411	164	56
62412	164	57
62413	164	58
62414	164	59
62415	164	60
62416	164	61
62417	164	62
62418	164	63
62419	164	64
62420	164	65
62421	164	66
62422	164	67
62423	164	68
62424	164	69
62425	164	70
62426	164	71
62427	164	72
62428	164	73
62429	164	74
62430	164	75
62431	164	76
62432	164	77
62433	164	78
62434	164	79
62435	164	80
62436	164	81
62437	164	82
62438	164	83
62439	164	84
62440	164	85
62441	164	86
62442	164	87
62443	164	88
62444	164	89
62445	164	90
62446	165	-90
62447	165	-89
62448	165	-88
62449	165	-87
62450	165	-86
62451	165	-85
62452	165	-84
62453	165	-83
62454	165	-82
62455	165	-81
62456	165	-80
62457	165	-79
62458	165	-78
62459	165	-77
62460	165	-76
62461	165	-75
62462	165	-74
62463	165	-73
62464	165	-72
62465	165	-71
62466	165	-70
62467	165	-69
62468	165	-68
62469	165	-67
62470	165	-66
62471	165	-65
62472	165	-64
62473	165	-63
62474	165	-62
62475	165	-61
62476	165	-60
62477	165	-59
62478	165	-58
62479	165	-57
62480	165	-56
62481	165	-55
62482	165	-54
62483	165	-53
62484	165	-52
62485	165	-51
62486	165	-50
62487	165	-49
62488	165	-48
62489	165	-47
62490	165	-46
62491	165	-45
62492	165	-44
62493	165	-43
62494	165	-42
62495	165	-41
62496	165	-40
62497	165	-39
62498	165	-38
62499	165	-37
62500	165	-36
62501	165	-35
62502	165	-34
62503	165	-33
62504	165	-32
62505	165	-31
62506	165	-30
62507	165	-29
62508	165	-28
62509	165	-27
62510	165	-26
62511	165	-25
62512	165	-24
62513	165	-23
62514	165	-22
62515	165	-21
62516	165	-20
62517	165	-19
62518	165	-18
62519	165	-17
62520	165	-16
62521	165	-15
62522	165	-14
62523	165	-13
62524	165	-12
62525	165	-11
62526	165	-10
62527	165	-9
62528	165	-8
62529	165	-7
62530	165	-6
62531	165	-5
62532	165	-4
62533	165	-3
62534	165	-2
62535	165	-1
62536	165	0
62537	165	1
62538	165	2
62539	165	3
62540	165	4
62541	165	5
62542	165	6
62543	165	7
62544	165	8
62545	165	9
62546	165	10
62547	165	11
62548	165	12
62549	165	13
62550	165	14
62551	165	15
62552	165	16
62553	165	17
62554	165	18
62555	165	19
62556	165	20
62557	165	21
62558	165	22
62559	165	23
62560	165	24
62561	165	25
62562	165	26
62563	165	27
62564	165	28
62565	165	29
62566	165	30
62567	165	31
62568	165	32
62569	165	33
62570	165	34
62571	165	35
62572	165	36
62573	165	37
62574	165	38
62575	165	39
62576	165	40
62577	165	41
62578	165	42
62579	165	43
62580	165	44
62581	165	45
62582	165	46
62583	165	47
62584	165	48
62585	165	49
62586	165	50
62587	165	51
62588	165	52
62589	165	53
62590	165	54
62591	165	55
62592	165	56
62593	165	57
62594	165	58
62595	165	59
62596	165	60
62597	165	61
62598	165	62
62599	165	63
62600	165	64
62601	165	65
62602	165	66
62603	165	67
62604	165	68
62605	165	69
62606	165	70
62607	165	71
62608	165	72
62609	165	73
62610	165	74
62611	165	75
62612	165	76
62613	165	77
62614	165	78
62615	165	79
62616	165	80
62617	165	81
62618	165	82
62619	165	83
62620	165	84
62621	165	85
62622	165	86
62623	165	87
62624	165	88
62625	165	89
62626	165	90
62627	166	-90
62628	166	-89
62629	166	-88
62630	166	-87
62631	166	-86
62632	166	-85
62633	166	-84
62634	166	-83
62635	166	-82
62636	166	-81
62637	166	-80
62638	166	-79
62639	166	-78
62640	166	-77
62641	166	-76
62642	166	-75
62643	166	-74
62644	166	-73
62645	166	-72
62646	166	-71
62647	166	-70
62648	166	-69
62649	166	-68
62650	166	-67
62651	166	-66
62652	166	-65
62653	166	-64
62654	166	-63
62655	166	-62
62656	166	-61
62657	166	-60
62658	166	-59
62659	166	-58
62660	166	-57
62661	166	-56
62662	166	-55
62663	166	-54
62664	166	-53
62665	166	-52
62666	166	-51
62667	166	-50
62668	166	-49
62669	166	-48
62670	166	-47
62671	166	-46
62672	166	-45
62673	166	-44
62674	166	-43
62675	166	-42
62676	166	-41
62677	166	-40
62678	166	-39
62679	166	-38
62680	166	-37
62681	166	-36
62682	166	-35
62683	166	-34
62684	166	-33
62685	166	-32
62686	166	-31
62687	166	-30
62688	166	-29
62689	166	-28
62690	166	-27
62691	166	-26
62692	166	-25
62693	166	-24
62694	166	-23
62695	166	-22
62696	166	-21
62697	166	-20
62698	166	-19
62699	166	-18
62700	166	-17
62701	166	-16
62702	166	-15
62703	166	-14
62704	166	-13
62705	166	-12
62706	166	-11
62707	166	-10
62708	166	-9
62709	166	-8
62710	166	-7
62711	166	-6
62712	166	-5
62713	166	-4
62714	166	-3
62715	166	-2
62716	166	-1
62717	166	0
62718	166	1
62719	166	2
62720	166	3
62721	166	4
62722	166	5
62723	166	6
62724	166	7
62725	166	8
62726	166	9
62727	166	10
62728	166	11
62729	166	12
62730	166	13
62731	166	14
62732	166	15
62733	166	16
62734	166	17
62735	166	18
62736	166	19
62737	166	20
62738	166	21
62739	166	22
62740	166	23
62741	166	24
62742	166	25
62743	166	26
62744	166	27
62745	166	28
62746	166	29
62747	166	30
62748	166	31
62749	166	32
62750	166	33
62751	166	34
62752	166	35
62753	166	36
62754	166	37
62755	166	38
62756	166	39
62757	166	40
62758	166	41
62759	166	42
62760	166	43
62761	166	44
62762	166	45
62763	166	46
62764	166	47
62765	166	48
62766	166	49
62767	166	50
62768	166	51
62769	166	52
62770	166	53
62771	166	54
62772	166	55
62773	166	56
62774	166	57
62775	166	58
62776	166	59
62777	166	60
62778	166	61
62779	166	62
62780	166	63
62781	166	64
62782	166	65
62783	166	66
62784	166	67
62785	166	68
62786	166	69
62787	166	70
62788	166	71
62789	166	72
62790	166	73
62791	166	74
62792	166	75
62793	166	76
62794	166	77
62795	166	78
62796	166	79
62797	166	80
62798	166	81
62799	166	82
62800	166	83
62801	166	84
62802	166	85
62803	166	86
62804	166	87
62805	166	88
62806	166	89
62807	166	90
62808	167	-90
62809	167	-89
62810	167	-88
62811	167	-87
62812	167	-86
62813	167	-85
62814	167	-84
62815	167	-83
62816	167	-82
62817	167	-81
62818	167	-80
62819	167	-79
62820	167	-78
62821	167	-77
62822	167	-76
62823	167	-75
62824	167	-74
62825	167	-73
62826	167	-72
62827	167	-71
62828	167	-70
62829	167	-69
62830	167	-68
62831	167	-67
62832	167	-66
62833	167	-65
62834	167	-64
62835	167	-63
62836	167	-62
62837	167	-61
62838	167	-60
62839	167	-59
62840	167	-58
62841	167	-57
62842	167	-56
62843	167	-55
62844	167	-54
62845	167	-53
62846	167	-52
62847	167	-51
62848	167	-50
62849	167	-49
62850	167	-48
62851	167	-47
62852	167	-46
62853	167	-45
62854	167	-44
62855	167	-43
62856	167	-42
62857	167	-41
62858	167	-40
62859	167	-39
62860	167	-38
62861	167	-37
62862	167	-36
62863	167	-35
62864	167	-34
62865	167	-33
62866	167	-32
62867	167	-31
62868	167	-30
62869	167	-29
62870	167	-28
62871	167	-27
62872	167	-26
62873	167	-25
62874	167	-24
62875	167	-23
62876	167	-22
62877	167	-21
62878	167	-20
62879	167	-19
62880	167	-18
62881	167	-17
62882	167	-16
62883	167	-15
62884	167	-14
62885	167	-13
62886	167	-12
62887	167	-11
62888	167	-10
62889	167	-9
62890	167	-8
62891	167	-7
62892	167	-6
62893	167	-5
62894	167	-4
62895	167	-3
62896	167	-2
62897	167	-1
62898	167	0
62899	167	1
62900	167	2
62901	167	3
62902	167	4
62903	167	5
62904	167	6
62905	167	7
62906	167	8
62907	167	9
62908	167	10
62909	167	11
62910	167	12
62911	167	13
62912	167	14
62913	167	15
62914	167	16
62915	167	17
62916	167	18
62917	167	19
62918	167	20
62919	167	21
62920	167	22
62921	167	23
62922	167	24
62923	167	25
62924	167	26
62925	167	27
62926	167	28
62927	167	29
62928	167	30
62929	167	31
62930	167	32
62931	167	33
62932	167	34
62933	167	35
62934	167	36
62935	167	37
62936	167	38
62937	167	39
62938	167	40
62939	167	41
62940	167	42
62941	167	43
62942	167	44
62943	167	45
62944	167	46
62945	167	47
62946	167	48
62947	167	49
62948	167	50
62949	167	51
62950	167	52
62951	167	53
62952	167	54
62953	167	55
62954	167	56
62955	167	57
62956	167	58
62957	167	59
62958	167	60
62959	167	61
62960	167	62
62961	167	63
62962	167	64
62963	167	65
62964	167	66
62965	167	67
62966	167	68
62967	167	69
62968	167	70
62969	167	71
62970	167	72
62971	167	73
62972	167	74
62973	167	75
62974	167	76
62975	167	77
62976	167	78
62977	167	79
62978	167	80
62979	167	81
62980	167	82
62981	167	83
62982	167	84
62983	167	85
62984	167	86
62985	167	87
62986	167	88
62987	167	89
62988	167	90
62989	168	-90
62990	168	-89
62991	168	-88
62992	168	-87
62993	168	-86
62994	168	-85
62995	168	-84
62996	168	-83
62997	168	-82
62998	168	-81
62999	168	-80
63000	168	-79
63001	168	-78
63002	168	-77
63003	168	-76
63004	168	-75
63005	168	-74
63006	168	-73
63007	168	-72
63008	168	-71
63009	168	-70
63010	168	-69
63011	168	-68
63012	168	-67
63013	168	-66
63014	168	-65
63015	168	-64
63016	168	-63
63017	168	-62
63018	168	-61
63019	168	-60
63020	168	-59
63021	168	-58
63022	168	-57
63023	168	-56
63024	168	-55
63025	168	-54
63026	168	-53
63027	168	-52
63028	168	-51
63029	168	-50
63030	168	-49
63031	168	-48
63032	168	-47
63033	168	-46
63034	168	-45
63035	168	-44
63036	168	-43
63037	168	-42
63038	168	-41
63039	168	-40
63040	168	-39
63041	168	-38
63042	168	-37
63043	168	-36
63044	168	-35
63045	168	-34
63046	168	-33
63047	168	-32
63048	168	-31
63049	168	-30
63050	168	-29
63051	168	-28
63052	168	-27
63053	168	-26
63054	168	-25
63055	168	-24
63056	168	-23
63057	168	-22
63058	168	-21
63059	168	-20
63060	168	-19
63061	168	-18
63062	168	-17
63063	168	-16
63064	168	-15
63065	168	-14
63066	168	-13
63067	168	-12
63068	168	-11
63069	168	-10
63070	168	-9
63071	168	-8
63072	168	-7
63073	168	-6
63074	168	-5
63075	168	-4
63076	168	-3
63077	168	-2
63078	168	-1
63079	168	0
63080	168	1
63081	168	2
63082	168	3
63083	168	4
63084	168	5
63085	168	6
63086	168	7
63087	168	8
63088	168	9
63089	168	10
63090	168	11
63091	168	12
63092	168	13
63093	168	14
63094	168	15
63095	168	16
63096	168	17
63097	168	18
63098	168	19
63099	168	20
63100	168	21
63101	168	22
63102	168	23
63103	168	24
63104	168	25
63105	168	26
63106	168	27
63107	168	28
63108	168	29
63109	168	30
63110	168	31
63111	168	32
63112	168	33
63113	168	34
63114	168	35
63115	168	36
63116	168	37
63117	168	38
63118	168	39
63119	168	40
63120	168	41
63121	168	42
63122	168	43
63123	168	44
63124	168	45
63125	168	46
63126	168	47
63127	168	48
63128	168	49
63129	168	50
63130	168	51
63131	168	52
63132	168	53
63133	168	54
63134	168	55
63135	168	56
63136	168	57
63137	168	58
63138	168	59
63139	168	60
63140	168	61
63141	168	62
63142	168	63
63143	168	64
63144	168	65
63145	168	66
63146	168	67
63147	168	68
63148	168	69
63149	168	70
63150	168	71
63151	168	72
63152	168	73
63153	168	74
63154	168	75
63155	168	76
63156	168	77
63157	168	78
63158	168	79
63159	168	80
63160	168	81
63161	168	82
63162	168	83
63163	168	84
63164	168	85
63165	168	86
63166	168	87
63167	168	88
63168	168	89
63169	168	90
63170	169	-90
63171	169	-89
63172	169	-88
63173	169	-87
63174	169	-86
63175	169	-85
63176	169	-84
63177	169	-83
63178	169	-82
63179	169	-81
63180	169	-80
63181	169	-79
63182	169	-78
63183	169	-77
63184	169	-76
63185	169	-75
63186	169	-74
63187	169	-73
63188	169	-72
63189	169	-71
63190	169	-70
63191	169	-69
63192	169	-68
63193	169	-67
63194	169	-66
63195	169	-65
63196	169	-64
63197	169	-63
63198	169	-62
63199	169	-61
63200	169	-60
63201	169	-59
63202	169	-58
63203	169	-57
63204	169	-56
63205	169	-55
63206	169	-54
63207	169	-53
63208	169	-52
63209	169	-51
63210	169	-50
63211	169	-49
63212	169	-48
63213	169	-47
63214	169	-46
63215	169	-45
63216	169	-44
63217	169	-43
63218	169	-42
63219	169	-41
63220	169	-40
63221	169	-39
63222	169	-38
63223	169	-37
63224	169	-36
63225	169	-35
63226	169	-34
63227	169	-33
63228	169	-32
63229	169	-31
63230	169	-30
63231	169	-29
63232	169	-28
63233	169	-27
63234	169	-26
63235	169	-25
63236	169	-24
63237	169	-23
63238	169	-22
63239	169	-21
63240	169	-20
63241	169	-19
63242	169	-18
63243	169	-17
63244	169	-16
63245	169	-15
63246	169	-14
63247	169	-13
63248	169	-12
63249	169	-11
63250	169	-10
63251	169	-9
63252	169	-8
63253	169	-7
63254	169	-6
63255	169	-5
63256	169	-4
63257	169	-3
63258	169	-2
63259	169	-1
63260	169	0
63261	169	1
63262	169	2
63263	169	3
63264	169	4
63265	169	5
63266	169	6
63267	169	7
63268	169	8
63269	169	9
63270	169	10
63271	169	11
63272	169	12
63273	169	13
63274	169	14
63275	169	15
63276	169	16
63277	169	17
63278	169	18
63279	169	19
63280	169	20
63281	169	21
63282	169	22
63283	169	23
63284	169	24
63285	169	25
63286	169	26
63287	169	27
63288	169	28
63289	169	29
63290	169	30
63291	169	31
63292	169	32
63293	169	33
63294	169	34
63295	169	35
63296	169	36
63297	169	37
63298	169	38
63299	169	39
63300	169	40
63301	169	41
63302	169	42
63303	169	43
63304	169	44
63305	169	45
63306	169	46
63307	169	47
63308	169	48
63309	169	49
63310	169	50
63311	169	51
63312	169	52
63313	169	53
63314	169	54
63315	169	55
63316	169	56
63317	169	57
63318	169	58
63319	169	59
63320	169	60
63321	169	61
63322	169	62
63323	169	63
63324	169	64
63325	169	65
63326	169	66
63327	169	67
63328	169	68
63329	169	69
63330	169	70
63331	169	71
63332	169	72
63333	169	73
63334	169	74
63335	169	75
63336	169	76
63337	169	77
63338	169	78
63339	169	79
63340	169	80
63341	169	81
63342	169	82
63343	169	83
63344	169	84
63345	169	85
63346	169	86
63347	169	87
63348	169	88
63349	169	89
63350	169	90
63351	170	-90
63352	170	-89
63353	170	-88
63354	170	-87
63355	170	-86
63356	170	-85
63357	170	-84
63358	170	-83
63359	170	-82
63360	170	-81
63361	170	-80
63362	170	-79
63363	170	-78
63364	170	-77
63365	170	-76
63366	170	-75
63367	170	-74
63368	170	-73
63369	170	-72
63370	170	-71
63371	170	-70
63372	170	-69
63373	170	-68
63374	170	-67
63375	170	-66
63376	170	-65
63377	170	-64
63378	170	-63
63379	170	-62
63380	170	-61
63381	170	-60
63382	170	-59
63383	170	-58
63384	170	-57
63385	170	-56
63386	170	-55
63387	170	-54
63388	170	-53
63389	170	-52
63390	170	-51
63391	170	-50
63392	170	-49
63393	170	-48
63394	170	-47
63395	170	-46
63396	170	-45
63397	170	-44
63398	170	-43
63399	170	-42
63400	170	-41
63401	170	-40
63402	170	-39
63403	170	-38
63404	170	-37
63405	170	-36
63406	170	-35
63407	170	-34
63408	170	-33
63409	170	-32
63410	170	-31
63411	170	-30
63412	170	-29
63413	170	-28
63414	170	-27
63415	170	-26
63416	170	-25
63417	170	-24
63418	170	-23
63419	170	-22
63420	170	-21
63421	170	-20
63422	170	-19
63423	170	-18
63424	170	-17
63425	170	-16
63426	170	-15
63427	170	-14
63428	170	-13
63429	170	-12
63430	170	-11
63431	170	-10
63432	170	-9
63433	170	-8
63434	170	-7
63435	170	-6
63436	170	-5
63437	170	-4
63438	170	-3
63439	170	-2
63440	170	-1
63441	170	0
63442	170	1
63443	170	2
63444	170	3
63445	170	4
63446	170	5
63447	170	6
63448	170	7
63449	170	8
63450	170	9
63451	170	10
63452	170	11
63453	170	12
63454	170	13
63455	170	14
63456	170	15
63457	170	16
63458	170	17
63459	170	18
63460	170	19
63461	170	20
63462	170	21
63463	170	22
63464	170	23
63465	170	24
63466	170	25
63467	170	26
63468	170	27
63469	170	28
63470	170	29
63471	170	30
63472	170	31
63473	170	32
63474	170	33
63475	170	34
63476	170	35
63477	170	36
63478	170	37
63479	170	38
63480	170	39
63481	170	40
63482	170	41
63483	170	42
63484	170	43
63485	170	44
63486	170	45
63487	170	46
63488	170	47
63489	170	48
63490	170	49
63491	170	50
63492	170	51
63493	170	52
63494	170	53
63495	170	54
63496	170	55
63497	170	56
63498	170	57
63499	170	58
63500	170	59
63501	170	60
63502	170	61
63503	170	62
63504	170	63
63505	170	64
63506	170	65
63507	170	66
63508	170	67
63509	170	68
63510	170	69
63511	170	70
63512	170	71
63513	170	72
63514	170	73
63515	170	74
63516	170	75
63517	170	76
63518	170	77
63519	170	78
63520	170	79
63521	170	80
63522	170	81
63523	170	82
63524	170	83
63525	170	84
63526	170	85
63527	170	86
63528	170	87
63529	170	88
63530	170	89
63531	170	90
63532	171	-90
63533	171	-89
63534	171	-88
63535	171	-87
63536	171	-86
63537	171	-85
63538	171	-84
63539	171	-83
63540	171	-82
63541	171	-81
63542	171	-80
63543	171	-79
63544	171	-78
63545	171	-77
63546	171	-76
63547	171	-75
63548	171	-74
63549	171	-73
63550	171	-72
63551	171	-71
63552	171	-70
63553	171	-69
63554	171	-68
63555	171	-67
63556	171	-66
63557	171	-65
63558	171	-64
63559	171	-63
63560	171	-62
63561	171	-61
63562	171	-60
63563	171	-59
63564	171	-58
63565	171	-57
63566	171	-56
63567	171	-55
63568	171	-54
63569	171	-53
63570	171	-52
63571	171	-51
63572	171	-50
63573	171	-49
63574	171	-48
63575	171	-47
63576	171	-46
63577	171	-45
63578	171	-44
63579	171	-43
63580	171	-42
63581	171	-41
63582	171	-40
63583	171	-39
63584	171	-38
63585	171	-37
63586	171	-36
63587	171	-35
63588	171	-34
63589	171	-33
63590	171	-32
63591	171	-31
63592	171	-30
63593	171	-29
63594	171	-28
63595	171	-27
63596	171	-26
63597	171	-25
63598	171	-24
63599	171	-23
63600	171	-22
63601	171	-21
63602	171	-20
63603	171	-19
63604	171	-18
63605	171	-17
63606	171	-16
63607	171	-15
63608	171	-14
63609	171	-13
63610	171	-12
63611	171	-11
63612	171	-10
63613	171	-9
63614	171	-8
63615	171	-7
63616	171	-6
63617	171	-5
63618	171	-4
63619	171	-3
63620	171	-2
63621	171	-1
63622	171	0
63623	171	1
63624	171	2
63625	171	3
63626	171	4
63627	171	5
63628	171	6
63629	171	7
63630	171	8
63631	171	9
63632	171	10
63633	171	11
63634	171	12
63635	171	13
63636	171	14
63637	171	15
63638	171	16
63639	171	17
63640	171	18
63641	171	19
63642	171	20
63643	171	21
63644	171	22
63645	171	23
63646	171	24
63647	171	25
63648	171	26
63649	171	27
63650	171	28
63651	171	29
63652	171	30
63653	171	31
63654	171	32
63655	171	33
63656	171	34
63657	171	35
63658	171	36
63659	171	37
63660	171	38
63661	171	39
63662	171	40
63663	171	41
63664	171	42
63665	171	43
63666	171	44
63667	171	45
63668	171	46
63669	171	47
63670	171	48
63671	171	49
63672	171	50
63673	171	51
63674	171	52
63675	171	53
63676	171	54
63677	171	55
63678	171	56
63679	171	57
63680	171	58
63681	171	59
63682	171	60
63683	171	61
63684	171	62
63685	171	63
63686	171	64
63687	171	65
63688	171	66
63689	171	67
63690	171	68
63691	171	69
63692	171	70
63693	171	71
63694	171	72
63695	171	73
63696	171	74
63697	171	75
63698	171	76
63699	171	77
63700	171	78
63701	171	79
63702	171	80
63703	171	81
63704	171	82
63705	171	83
63706	171	84
63707	171	85
63708	171	86
63709	171	87
63710	171	88
63711	171	89
63712	171	90
63713	172	-90
63714	172	-89
63715	172	-88
63716	172	-87
63717	172	-86
63718	172	-85
63719	172	-84
63720	172	-83
63721	172	-82
63722	172	-81
63723	172	-80
63724	172	-79
63725	172	-78
63726	172	-77
63727	172	-76
63728	172	-75
63729	172	-74
63730	172	-73
63731	172	-72
63732	172	-71
63733	172	-70
63734	172	-69
63735	172	-68
63736	172	-67
63737	172	-66
63738	172	-65
63739	172	-64
63740	172	-63
63741	172	-62
63742	172	-61
63743	172	-60
63744	172	-59
63745	172	-58
63746	172	-57
63747	172	-56
63748	172	-55
63749	172	-54
63750	172	-53
63751	172	-52
63752	172	-51
63753	172	-50
63754	172	-49
63755	172	-48
63756	172	-47
63757	172	-46
63758	172	-45
63759	172	-44
63760	172	-43
63761	172	-42
63762	172	-41
63763	172	-40
63764	172	-39
63765	172	-38
63766	172	-37
63767	172	-36
63768	172	-35
63769	172	-34
63770	172	-33
63771	172	-32
63772	172	-31
63773	172	-30
63774	172	-29
63775	172	-28
63776	172	-27
63777	172	-26
63778	172	-25
63779	172	-24
63780	172	-23
63781	172	-22
63782	172	-21
63783	172	-20
63784	172	-19
63785	172	-18
63786	172	-17
63787	172	-16
63788	172	-15
63789	172	-14
63790	172	-13
63791	172	-12
63792	172	-11
63793	172	-10
63794	172	-9
63795	172	-8
63796	172	-7
63797	172	-6
63798	172	-5
63799	172	-4
63800	172	-3
63801	172	-2
63802	172	-1
63803	172	0
63804	172	1
63805	172	2
63806	172	3
63807	172	4
63808	172	5
63809	172	6
63810	172	7
63811	172	8
63812	172	9
63813	172	10
63814	172	11
63815	172	12
63816	172	13
63817	172	14
63818	172	15
63819	172	16
63820	172	17
63821	172	18
63822	172	19
63823	172	20
63824	172	21
63825	172	22
63826	172	23
63827	172	24
63828	172	25
63829	172	26
63830	172	27
63831	172	28
63832	172	29
63833	172	30
63834	172	31
63835	172	32
63836	172	33
63837	172	34
63838	172	35
63839	172	36
63840	172	37
63841	172	38
63842	172	39
63843	172	40
63844	172	41
63845	172	42
63846	172	43
63847	172	44
63848	172	45
63849	172	46
63850	172	47
63851	172	48
63852	172	49
63853	172	50
63854	172	51
63855	172	52
63856	172	53
63857	172	54
63858	172	55
63859	172	56
63860	172	57
63861	172	58
63862	172	59
63863	172	60
63864	172	61
63865	172	62
63866	172	63
63867	172	64
63868	172	65
63869	172	66
63870	172	67
63871	172	68
63872	172	69
63873	172	70
63874	172	71
63875	172	72
63876	172	73
63877	172	74
63878	172	75
63879	172	76
63880	172	77
63881	172	78
63882	172	79
63883	172	80
63884	172	81
63885	172	82
63886	172	83
63887	172	84
63888	172	85
63889	172	86
63890	172	87
63891	172	88
63892	172	89
63893	172	90
63894	173	-90
63895	173	-89
63896	173	-88
63897	173	-87
63898	173	-86
63899	173	-85
63900	173	-84
63901	173	-83
63902	173	-82
63903	173	-81
63904	173	-80
63905	173	-79
63906	173	-78
63907	173	-77
63908	173	-76
63909	173	-75
63910	173	-74
63911	173	-73
63912	173	-72
63913	173	-71
63914	173	-70
63915	173	-69
63916	173	-68
63917	173	-67
63918	173	-66
63919	173	-65
63920	173	-64
63921	173	-63
63922	173	-62
63923	173	-61
63924	173	-60
63925	173	-59
63926	173	-58
63927	173	-57
63928	173	-56
63929	173	-55
63930	173	-54
63931	173	-53
63932	173	-52
63933	173	-51
63934	173	-50
63935	173	-49
63936	173	-48
63937	173	-47
63938	173	-46
63939	173	-45
63940	173	-44
63941	173	-43
63942	173	-42
63943	173	-41
63944	173	-40
63945	173	-39
63946	173	-38
63947	173	-37
63948	173	-36
63949	173	-35
63950	173	-34
63951	173	-33
63952	173	-32
63953	173	-31
63954	173	-30
63955	173	-29
63956	173	-28
63957	173	-27
63958	173	-26
63959	173	-25
63960	173	-24
63961	173	-23
63962	173	-22
63963	173	-21
63964	173	-20
63965	173	-19
63966	173	-18
63967	173	-17
63968	173	-16
63969	173	-15
63970	173	-14
63971	173	-13
63972	173	-12
63973	173	-11
63974	173	-10
63975	173	-9
63976	173	-8
63977	173	-7
63978	173	-6
63979	173	-5
63980	173	-4
63981	173	-3
63982	173	-2
63983	173	-1
63984	173	0
63985	173	1
63986	173	2
63987	173	3
63988	173	4
63989	173	5
63990	173	6
63991	173	7
63992	173	8
63993	173	9
63994	173	10
63995	173	11
63996	173	12
63997	173	13
63998	173	14
63999	173	15
64000	173	16
64001	173	17
64002	173	18
64003	173	19
64004	173	20
64005	173	21
64006	173	22
64007	173	23
64008	173	24
64009	173	25
64010	173	26
64011	173	27
64012	173	28
64013	173	29
64014	173	30
64015	173	31
64016	173	32
64017	173	33
64018	173	34
64019	173	35
64020	173	36
64021	173	37
64022	173	38
64023	173	39
64024	173	40
64025	173	41
64026	173	42
64027	173	43
64028	173	44
64029	173	45
64030	173	46
64031	173	47
64032	173	48
64033	173	49
64034	173	50
64035	173	51
64036	173	52
64037	173	53
64038	173	54
64039	173	55
64040	173	56
64041	173	57
64042	173	58
64043	173	59
64044	173	60
64045	173	61
64046	173	62
64047	173	63
64048	173	64
64049	173	65
64050	173	66
64051	173	67
64052	173	68
64053	173	69
64054	173	70
64055	173	71
64056	173	72
64057	173	73
64058	173	74
64059	173	75
64060	173	76
64061	173	77
64062	173	78
64063	173	79
64064	173	80
64065	173	81
64066	173	82
64067	173	83
64068	173	84
64069	173	85
64070	173	86
64071	173	87
64072	173	88
64073	173	89
64074	173	90
64075	174	-90
64076	174	-89
64077	174	-88
64078	174	-87
64079	174	-86
64080	174	-85
64081	174	-84
64082	174	-83
64083	174	-82
64084	174	-81
64085	174	-80
64086	174	-79
64087	174	-78
64088	174	-77
64089	174	-76
64090	174	-75
64091	174	-74
64092	174	-73
64093	174	-72
64094	174	-71
64095	174	-70
64096	174	-69
64097	174	-68
64098	174	-67
64099	174	-66
64100	174	-65
64101	174	-64
64102	174	-63
64103	174	-62
64104	174	-61
64105	174	-60
64106	174	-59
64107	174	-58
64108	174	-57
64109	174	-56
64110	174	-55
64111	174	-54
64112	174	-53
64113	174	-52
64114	174	-51
64115	174	-50
64116	174	-49
64117	174	-48
64118	174	-47
64119	174	-46
64120	174	-45
64121	174	-44
64122	174	-43
64123	174	-42
64124	174	-41
64125	174	-40
64126	174	-39
64127	174	-38
64128	174	-37
64129	174	-36
64130	174	-35
64131	174	-34
64132	174	-33
64133	174	-32
64134	174	-31
64135	174	-30
64136	174	-29
64137	174	-28
64138	174	-27
64139	174	-26
64140	174	-25
64141	174	-24
64142	174	-23
64143	174	-22
64144	174	-21
64145	174	-20
64146	174	-19
64147	174	-18
64148	174	-17
64149	174	-16
64150	174	-15
64151	174	-14
64152	174	-13
64153	174	-12
64154	174	-11
64155	174	-10
64156	174	-9
64157	174	-8
64158	174	-7
64159	174	-6
64160	174	-5
64161	174	-4
64162	174	-3
64163	174	-2
64164	174	-1
64165	174	0
64166	174	1
64167	174	2
64168	174	3
64169	174	4
64170	174	5
64171	174	6
64172	174	7
64173	174	8
64174	174	9
64175	174	10
64176	174	11
64177	174	12
64178	174	13
64179	174	14
64180	174	15
64181	174	16
64182	174	17
64183	174	18
64184	174	19
64185	174	20
64186	174	21
64187	174	22
64188	174	23
64189	174	24
64190	174	25
64191	174	26
64192	174	27
64193	174	28
64194	174	29
64195	174	30
64196	174	31
64197	174	32
64198	174	33
64199	174	34
64200	174	35
64201	174	36
64202	174	37
64203	174	38
64204	174	39
64205	174	40
64206	174	41
64207	174	42
64208	174	43
64209	174	44
64210	174	45
64211	174	46
64212	174	47
64213	174	48
64214	174	49
64215	174	50
64216	174	51
64217	174	52
64218	174	53
64219	174	54
64220	174	55
64221	174	56
64222	174	57
64223	174	58
64224	174	59
64225	174	60
64226	174	61
64227	174	62
64228	174	63
64229	174	64
64230	174	65
64231	174	66
64232	174	67
64233	174	68
64234	174	69
64235	174	70
64236	174	71
64237	174	72
64238	174	73
64239	174	74
64240	174	75
64241	174	76
64242	174	77
64243	174	78
64244	174	79
64245	174	80
64246	174	81
64247	174	82
64248	174	83
64249	174	84
64250	174	85
64251	174	86
64252	174	87
64253	174	88
64254	174	89
64255	174	90
64256	175	-90
64257	175	-89
64258	175	-88
64259	175	-87
64260	175	-86
64261	175	-85
64262	175	-84
64263	175	-83
64264	175	-82
64265	175	-81
64266	175	-80
64267	175	-79
64268	175	-78
64269	175	-77
64270	175	-76
64271	175	-75
64272	175	-74
64273	175	-73
64274	175	-72
64275	175	-71
64276	175	-70
64277	175	-69
64278	175	-68
64279	175	-67
64280	175	-66
64281	175	-65
64282	175	-64
64283	175	-63
64284	175	-62
64285	175	-61
64286	175	-60
64287	175	-59
64288	175	-58
64289	175	-57
64290	175	-56
64291	175	-55
64292	175	-54
64293	175	-53
64294	175	-52
64295	175	-51
64296	175	-50
64297	175	-49
64298	175	-48
64299	175	-47
64300	175	-46
64301	175	-45
64302	175	-44
64303	175	-43
64304	175	-42
64305	175	-41
64306	175	-40
64307	175	-39
64308	175	-38
64309	175	-37
64310	175	-36
64311	175	-35
64312	175	-34
64313	175	-33
64314	175	-32
64315	175	-31
64316	175	-30
64317	175	-29
64318	175	-28
64319	175	-27
64320	175	-26
64321	175	-25
64322	175	-24
64323	175	-23
64324	175	-22
64325	175	-21
64326	175	-20
64327	175	-19
64328	175	-18
64329	175	-17
64330	175	-16
64331	175	-15
64332	175	-14
64333	175	-13
64334	175	-12
64335	175	-11
64336	175	-10
64337	175	-9
64338	175	-8
64339	175	-7
64340	175	-6
64341	175	-5
64342	175	-4
64343	175	-3
64344	175	-2
64345	175	-1
64346	175	0
64347	175	1
64348	175	2
64349	175	3
64350	175	4
64351	175	5
64352	175	6
64353	175	7
64354	175	8
64355	175	9
64356	175	10
64357	175	11
64358	175	12
64359	175	13
64360	175	14
64361	175	15
64362	175	16
64363	175	17
64364	175	18
64365	175	19
64366	175	20
64367	175	21
64368	175	22
64369	175	23
64370	175	24
64371	175	25
64372	175	26
64373	175	27
64374	175	28
64375	175	29
64376	175	30
64377	175	31
64378	175	32
64379	175	33
64380	175	34
64381	175	35
64382	175	36
64383	175	37
64384	175	38
64385	175	39
64386	175	40
64387	175	41
64388	175	42
64389	175	43
64390	175	44
64391	175	45
64392	175	46
64393	175	47
64394	175	48
64395	175	49
64396	175	50
64397	175	51
64398	175	52
64399	175	53
64400	175	54
64401	175	55
64402	175	56
64403	175	57
64404	175	58
64405	175	59
64406	175	60
64407	175	61
64408	175	62
64409	175	63
64410	175	64
64411	175	65
64412	175	66
64413	175	67
64414	175	68
64415	175	69
64416	175	70
64417	175	71
64418	175	72
64419	175	73
64420	175	74
64421	175	75
64422	175	76
64423	175	77
64424	175	78
64425	175	79
64426	175	80
64427	175	81
64428	175	82
64429	175	83
64430	175	84
64431	175	85
64432	175	86
64433	175	87
64434	175	88
64435	175	89
64436	175	90
64437	176	-90
64438	176	-89
64439	176	-88
64440	176	-87
64441	176	-86
64442	176	-85
64443	176	-84
64444	176	-83
64445	176	-82
64446	176	-81
64447	176	-80
64448	176	-79
64449	176	-78
64450	176	-77
64451	176	-76
64452	176	-75
64453	176	-74
64454	176	-73
64455	176	-72
64456	176	-71
64457	176	-70
64458	176	-69
64459	176	-68
64460	176	-67
64461	176	-66
64462	176	-65
64463	176	-64
64464	176	-63
64465	176	-62
64466	176	-61
64467	176	-60
64468	176	-59
64469	176	-58
64470	176	-57
64471	176	-56
64472	176	-55
64473	176	-54
64474	176	-53
64475	176	-52
64476	176	-51
64477	176	-50
64478	176	-49
64479	176	-48
64480	176	-47
64481	176	-46
64482	176	-45
64483	176	-44
64484	176	-43
64485	176	-42
64486	176	-41
64487	176	-40
64488	176	-39
64489	176	-38
64490	176	-37
64491	176	-36
64492	176	-35
64493	176	-34
64494	176	-33
64495	176	-32
64496	176	-31
64497	176	-30
64498	176	-29
64499	176	-28
64500	176	-27
64501	176	-26
64502	176	-25
64503	176	-24
64504	176	-23
64505	176	-22
64506	176	-21
64507	176	-20
64508	176	-19
64509	176	-18
64510	176	-17
64511	176	-16
64512	176	-15
64513	176	-14
64514	176	-13
64515	176	-12
64516	176	-11
64517	176	-10
64518	176	-9
64519	176	-8
64520	176	-7
64521	176	-6
64522	176	-5
64523	176	-4
64524	176	-3
64525	176	-2
64526	176	-1
64527	176	0
64528	176	1
64529	176	2
64530	176	3
64531	176	4
64532	176	5
64533	176	6
64534	176	7
64535	176	8
64536	176	9
64537	176	10
64538	176	11
64539	176	12
64540	176	13
64541	176	14
64542	176	15
64543	176	16
64544	176	17
64545	176	18
64546	176	19
64547	176	20
64548	176	21
64549	176	22
64550	176	23
64551	176	24
64552	176	25
64553	176	26
64554	176	27
64555	176	28
64556	176	29
64557	176	30
64558	176	31
64559	176	32
64560	176	33
64561	176	34
64562	176	35
64563	176	36
64564	176	37
64565	176	38
64566	176	39
64567	176	40
64568	176	41
64569	176	42
64570	176	43
64571	176	44
64572	176	45
64573	176	46
64574	176	47
64575	176	48
64576	176	49
64577	176	50
64578	176	51
64579	176	52
64580	176	53
64581	176	54
64582	176	55
64583	176	56
64584	176	57
64585	176	58
64586	176	59
64587	176	60
64588	176	61
64589	176	62
64590	176	63
64591	176	64
64592	176	65
64593	176	66
64594	176	67
64595	176	68
64596	176	69
64597	176	70
64598	176	71
64599	176	72
64600	176	73
64601	176	74
64602	176	75
64603	176	76
64604	176	77
64605	176	78
64606	176	79
64607	176	80
64608	176	81
64609	176	82
64610	176	83
64611	176	84
64612	176	85
64613	176	86
64614	176	87
64615	176	88
64616	176	89
64617	176	90
64618	177	-90
64619	177	-89
64620	177	-88
64621	177	-87
64622	177	-86
64623	177	-85
64624	177	-84
64625	177	-83
64626	177	-82
64627	177	-81
64628	177	-80
64629	177	-79
64630	177	-78
64631	177	-77
64632	177	-76
64633	177	-75
64634	177	-74
64635	177	-73
64636	177	-72
64637	177	-71
64638	177	-70
64639	177	-69
64640	177	-68
64641	177	-67
64642	177	-66
64643	177	-65
64644	177	-64
64645	177	-63
64646	177	-62
64647	177	-61
64648	177	-60
64649	177	-59
64650	177	-58
64651	177	-57
64652	177	-56
64653	177	-55
64654	177	-54
64655	177	-53
64656	177	-52
64657	177	-51
64658	177	-50
64659	177	-49
64660	177	-48
64661	177	-47
64662	177	-46
64663	177	-45
64664	177	-44
64665	177	-43
64666	177	-42
64667	177	-41
64668	177	-40
64669	177	-39
64670	177	-38
64671	177	-37
64672	177	-36
64673	177	-35
64674	177	-34
64675	177	-33
64676	177	-32
64677	177	-31
64678	177	-30
64679	177	-29
64680	177	-28
64681	177	-27
64682	177	-26
64683	177	-25
64684	177	-24
64685	177	-23
64686	177	-22
64687	177	-21
64688	177	-20
64689	177	-19
64690	177	-18
64691	177	-17
64692	177	-16
64693	177	-15
64694	177	-14
64695	177	-13
64696	177	-12
64697	177	-11
64698	177	-10
64699	177	-9
64700	177	-8
64701	177	-7
64702	177	-6
64703	177	-5
64704	177	-4
64705	177	-3
64706	177	-2
64707	177	-1
64708	177	0
64709	177	1
64710	177	2
64711	177	3
64712	177	4
64713	177	5
64714	177	6
64715	177	7
64716	177	8
64717	177	9
64718	177	10
64719	177	11
64720	177	12
64721	177	13
64722	177	14
64723	177	15
64724	177	16
64725	177	17
64726	177	18
64727	177	19
64728	177	20
64729	177	21
64730	177	22
64731	177	23
64732	177	24
64733	177	25
64734	177	26
64735	177	27
64736	177	28
64737	177	29
64738	177	30
64739	177	31
64740	177	32
64741	177	33
64742	177	34
64743	177	35
64744	177	36
64745	177	37
64746	177	38
64747	177	39
64748	177	40
64749	177	41
64750	177	42
64751	177	43
64752	177	44
64753	177	45
64754	177	46
64755	177	47
64756	177	48
64757	177	49
64758	177	50
64759	177	51
64760	177	52
64761	177	53
64762	177	54
64763	177	55
64764	177	56
64765	177	57
64766	177	58
64767	177	59
64768	177	60
64769	177	61
64770	177	62
64771	177	63
64772	177	64
64773	177	65
64774	177	66
64775	177	67
64776	177	68
64777	177	69
64778	177	70
64779	177	71
64780	177	72
64781	177	73
64782	177	74
64783	177	75
64784	177	76
64785	177	77
64786	177	78
64787	177	79
64788	177	80
64789	177	81
64790	177	82
64791	177	83
64792	177	84
64793	177	85
64794	177	86
64795	177	87
64796	177	88
64797	177	89
64798	177	90
64799	178	-90
64800	178	-89
64801	178	-88
64802	178	-87
64803	178	-86
64804	178	-85
64805	178	-84
64806	178	-83
64807	178	-82
64808	178	-81
64809	178	-80
64810	178	-79
64811	178	-78
64812	178	-77
64813	178	-76
64814	178	-75
64815	178	-74
64816	178	-73
64817	178	-72
64818	178	-71
64819	178	-70
64820	178	-69
64821	178	-68
64822	178	-67
64823	178	-66
64824	178	-65
64825	178	-64
64826	178	-63
64827	178	-62
64828	178	-61
64829	178	-60
64830	178	-59
64831	178	-58
64832	178	-57
64833	178	-56
64834	178	-55
64835	178	-54
64836	178	-53
64837	178	-52
64838	178	-51
64839	178	-50
64840	178	-49
64841	178	-48
64842	178	-47
64843	178	-46
64844	178	-45
64845	178	-44
64846	178	-43
64847	178	-42
64848	178	-41
64849	178	-40
64850	178	-39
64851	178	-38
64852	178	-37
64853	178	-36
64854	178	-35
64855	178	-34
64856	178	-33
64857	178	-32
64858	178	-31
64859	178	-30
64860	178	-29
64861	178	-28
64862	178	-27
64863	178	-26
64864	178	-25
64865	178	-24
64866	178	-23
64867	178	-22
64868	178	-21
64869	178	-20
64870	178	-19
64871	178	-18
64872	178	-17
64873	178	-16
64874	178	-15
64875	178	-14
64876	178	-13
64877	178	-12
64878	178	-11
64879	178	-10
64880	178	-9
64881	178	-8
64882	178	-7
64883	178	-6
64884	178	-5
64885	178	-4
64886	178	-3
64887	178	-2
64888	178	-1
64889	178	0
64890	178	1
64891	178	2
64892	178	3
64893	178	4
64894	178	5
64895	178	6
64896	178	7
64897	178	8
64898	178	9
64899	178	10
64900	178	11
64901	178	12
64902	178	13
64903	178	14
64904	178	15
64905	178	16
64906	178	17
64907	178	18
64908	178	19
64909	178	20
64910	178	21
64911	178	22
64912	178	23
64913	178	24
64914	178	25
64915	178	26
64916	178	27
64917	178	28
64918	178	29
64919	178	30
64920	178	31
64921	178	32
64922	178	33
64923	178	34
64924	178	35
64925	178	36
64926	178	37
64927	178	38
64928	178	39
64929	178	40
64930	178	41
64931	178	42
64932	178	43
64933	178	44
64934	178	45
64935	178	46
64936	178	47
64937	178	48
64938	178	49
64939	178	50
64940	178	51
64941	178	52
64942	178	53
64943	178	54
64944	178	55
64945	178	56
64946	178	57
64947	178	58
64948	178	59
64949	178	60
64950	178	61
64951	178	62
64952	178	63
64953	178	64
64954	178	65
64955	178	66
64956	178	67
64957	178	68
64958	178	69
64959	178	70
64960	178	71
64961	178	72
64962	178	73
64963	178	74
64964	178	75
64965	178	76
64966	178	77
64967	178	78
64968	178	79
64969	178	80
64970	178	81
64971	178	82
64972	178	83
64973	178	84
64974	178	85
64975	178	86
64976	178	87
64977	178	88
64978	178	89
64979	178	90
64980	179	-90
64981	179	-89
64982	179	-88
64983	179	-87
64984	179	-86
64985	179	-85
64986	179	-84
64987	179	-83
64988	179	-82
64989	179	-81
64990	179	-80
64991	179	-79
64992	179	-78
64993	179	-77
64994	179	-76
64995	179	-75
64996	179	-74
64997	179	-73
64998	179	-72
64999	179	-71
65000	179	-70
65001	179	-69
65002	179	-68
65003	179	-67
65004	179	-66
65005	179	-65
65006	179	-64
65007	179	-63
65008	179	-62
65009	179	-61
65010	179	-60
65011	179	-59
65012	179	-58
65013	179	-57
65014	179	-56
65015	179	-55
65016	179	-54
65017	179	-53
65018	179	-52
65019	179	-51
65020	179	-50
65021	179	-49
65022	179	-48
65023	179	-47
65024	179	-46
65025	179	-45
65026	179	-44
65027	179	-43
65028	179	-42
65029	179	-41
65030	179	-40
65031	179	-39
65032	179	-38
65033	179	-37
65034	179	-36
65035	179	-35
65036	179	-34
65037	179	-33
65038	179	-32
65039	179	-31
65040	179	-30
65041	179	-29
65042	179	-28
65043	179	-27
65044	179	-26
65045	179	-25
65046	179	-24
65047	179	-23
65048	179	-22
65049	179	-21
65050	179	-20
65051	179	-19
65052	179	-18
65053	179	-17
65054	179	-16
65055	179	-15
65056	179	-14
65057	179	-13
65058	179	-12
65059	179	-11
65060	179	-10
65061	179	-9
65062	179	-8
65063	179	-7
65064	179	-6
65065	179	-5
65066	179	-4
65067	179	-3
65068	179	-2
65069	179	-1
65070	179	0
65071	179	1
65072	179	2
65073	179	3
65074	179	4
65075	179	5
65076	179	6
65077	179	7
65078	179	8
65079	179	9
65080	179	10
65081	179	11
65082	179	12
65083	179	13
65084	179	14
65085	179	15
65086	179	16
65087	179	17
65088	179	18
65089	179	19
65090	179	20
65091	179	21
65092	179	22
65093	179	23
65094	179	24
65095	179	25
65096	179	26
65097	179	27
65098	179	28
65099	179	29
65100	179	30
65101	179	31
65102	179	32
65103	179	33
65104	179	34
65105	179	35
65106	179	36
65107	179	37
65108	179	38
65109	179	39
65110	179	40
65111	179	41
65112	179	42
65113	179	43
65114	179	44
65115	179	45
65116	179	46
65117	179	47
65118	179	48
65119	179	49
65120	179	50
65121	179	51
65122	179	52
65123	179	53
65124	179	54
65125	179	55
65126	179	56
65127	179	57
65128	179	58
65129	179	59
65130	179	60
65131	179	61
65132	179	62
65133	179	63
65134	179	64
65135	179	65
65136	179	66
65137	179	67
65138	179	68
65139	179	69
65140	179	70
65141	179	71
65142	179	72
65143	179	73
65144	179	74
65145	179	75
65146	179	76
65147	179	77
65148	179	78
65149	179	79
65150	179	80
65151	179	81
65152	179	82
65153	179	83
65154	179	84
65155	179	85
65156	179	86
65157	179	87
65158	179	88
65159	179	89
65160	179	90
65161	180	-90
65162	180	-89
65163	180	-88
65164	180	-87
65165	180	-86
65166	180	-85
65167	180	-84
65168	180	-83
65169	180	-82
65170	180	-81
65171	180	-80
65172	180	-79
65173	180	-78
65174	180	-77
65175	180	-76
65176	180	-75
65177	180	-74
65178	180	-73
65179	180	-72
65180	180	-71
65181	180	-70
65182	180	-69
65183	180	-68
65184	180	-67
65185	180	-66
65186	180	-65
65187	180	-64
65188	180	-63
65189	180	-62
65190	180	-61
65191	180	-60
65192	180	-59
65193	180	-58
65194	180	-57
65195	180	-56
65196	180	-55
65197	180	-54
65198	180	-53
65199	180	-52
65200	180	-51
65201	180	-50
65202	180	-49
65203	180	-48
65204	180	-47
65205	180	-46
65206	180	-45
65207	180	-44
65208	180	-43
65209	180	-42
65210	180	-41
65211	180	-40
65212	180	-39
65213	180	-38
65214	180	-37
65215	180	-36
65216	180	-35
65217	180	-34
65218	180	-33
65219	180	-32
65220	180	-31
65221	180	-30
65222	180	-29
65223	180	-28
65224	180	-27
65225	180	-26
65226	180	-25
65227	180	-24
65228	180	-23
65229	180	-22
65230	180	-21
65231	180	-20
65232	180	-19
65233	180	-18
65234	180	-17
65235	180	-16
65236	180	-15
65237	180	-14
65238	180	-13
65239	180	-12
65240	180	-11
65241	180	-10
65242	180	-9
65243	180	-8
65244	180	-7
65245	180	-6
65246	180	-5
65247	180	-4
65248	180	-3
65249	180	-2
65250	180	-1
65251	180	0
65252	180	1
65253	180	2
65254	180	3
65255	180	4
65256	180	5
65257	180	6
65258	180	7
65259	180	8
65260	180	9
65261	180	10
65262	180	11
65263	180	12
65264	180	13
65265	180	14
65266	180	15
65267	180	16
65268	180	17
65269	180	18
65270	180	19
65271	180	20
65272	180	21
65273	180	22
65274	180	23
65275	180	24
65276	180	25
65277	180	26
65278	180	27
65279	180	28
65280	180	29
65281	180	30
65282	180	31
65283	180	32
65284	180	33
65285	180	34
65286	180	35
65287	180	36
65288	180	37
65289	180	38
65290	180	39
65291	180	40
65292	180	41
65293	180	42
65294	180	43
65295	180	44
65296	180	45
65297	180	46
65298	180	47
65299	180	48
65300	180	49
65301	180	50
65302	180	51
65303	180	52
65304	180	53
65305	180	54
65306	180	55
65307	180	56
65308	180	57
65309	180	58
65310	180	59
65311	180	60
65312	180	61
65313	180	62
65314	180	63
65315	180	64
65316	180	65
65317	180	66
65318	180	67
65319	180	68
65320	180	69
65321	180	70
65322	180	71
65323	180	72
65324	180	73
65325	180	74
65326	180	75
65327	180	76
65328	180	77
65329	180	78
65330	180	79
65331	180	80
65332	180	81
65333	180	82
65334	180	83
65335	180	84
65336	180	85
65337	180	86
65338	180	87
65339	180	88
65340	180	89
65341	180	90
